Overhead/Contact
32000 2.56
64000 1.7142857142857142
10500 NaN
42500 2.255813953488372
74500 1.643835616438356
21000 5.4
53000 1.875
85000 1.643835616438356
31500 2.52
63500 1.7142857142857142
10000 NaN
42000 2.317073170731707
74000 1.6666666666666667
20500 5.2
52500 1.875
84500 1.643835616438356
31000 2.4
63000 1.7142857142857142
9500 NaN
41500 2.292682926829268
73500 1.6666666666666667
20000 5.0
52000 1.9047619047619047
84000 1.643835616438356
30500 2.4583333333333335
62500 1.7142857142857142
9000 NaN
41000 2.2439024390243905
73000 1.6666666666666667
19500 4.8
51500 1.9672131147540983
83500 1.643835616438356
30000 2.4166666666666665
62000 1.7142857142857142
8500 NaN
40500 2.275
72500 1.6901408450704225
19000 4.4
51000 1.9672131147540983
83000 1.643835616438356
29500 2.5
61500 1.7391304347826086
8000 NaN
40000 2.282051282051282
72000 1.6901408450704225
18500 4.0
50500 2.0
82500 1.643835616438356
29000 2.409090909090909
61000 1.7391304347826086
7500 NaN
39500 2.236842105263158
71500 1.6901408450704225
18000 6.0
50000 2.0
82000 1.643835616438356
28500 2.3636363636363638
60500 1.7391304347826086
7000 NaN
39000 2.236842105263158
71000 1.6901408450704225
17500 7.5
49500 2.0689655172413794
81500 1.643835616438356
28000 2.736842105263158
60000 1.7391304347826086
6500 NaN
38500 2.210526315789474
70500 1.6901408450704225
17000 14.0
49000 2.1454545454545455
81000 1.643835616438356
27500 2.5789473684210527
59500 1.7647058823529411
6000 NaN
38000 2.1842105263157894
70000 1.6901408450704225
16500 NaN
48500 2.1296296296296298
80500 1.643835616438356
27000 2.6666666666666665
59000 1.7647058823529411
91000 1.643835616438356
5500 NaN
37500 2.25
69500 1.6901408450704225
16000 NaN
48000 2.0925925925925926
80000 1.643835616438356
26500 2.7058823529411766
58500 1.7647058823529411
90500 1.643835616438356
5000 NaN
37000 2.2857142857142856
69000 1.6901408450704225
15500 NaN
47500 2.1132075471698113
79500 1.643835616438356
26000 2.5294117647058822
58000 1.7647058823529411
90000 1.643835616438356
4500 NaN
36500 2.257142857142857
68500 1.6901408450704225
15000 NaN
47000 2.1153846153846154
79000 1.643835616438356
25500 2.8
57500 1.7647058823529411
89500 1.643835616438356
4000 NaN
36000 2.3333333333333335
68000 1.6901408450704225
14500 NaN
46500 2.0961538461538463
78500 1.643835616438356
25000 3.0
57000 1.791044776119403
89000 1.643835616438356
3500 NaN
35500 2.242424242424242
67500 1.6901408450704225
14000 NaN
46000 2.0980392156862746
78000 1.643835616438356
24500 3.0
56500 1.8181818181818181
88500 1.643835616438356
3000 NaN
35000 2.212121212121212
67000 1.6901408450704225
13500 NaN
45500 2.163265306122449
77500 1.643835616438356
24000 3.3636363636363638
56000 1.8181818181818181
88000 1.643835616438356
2500 NaN
34500 2.25
66500 1.7142857142857142
13000 NaN
45000 2.142857142857143
77000 1.643835616438356
23500 3.090909090909091
55500 1.8461538461538463
87500 1.643835616438356
2000 NaN
34000 2.3666666666666667
66000 1.7142857142857142
12500 NaN
44500 2.0816326530612246
76500 1.643835616438356
23000 3.3
55000 1.8461538461538463
87000 1.643835616438356
1500 NaN
33500 2.5185185185185186
65500 1.7142857142857142
12000 NaN
44000 2.1041666666666665
76000 1.643835616438356
22500 3.6666666666666665
54500 1.8461538461538463
86500 1.643835616438356
1000 NaN
33000 2.5384615384615383
65000 1.7142857142857142
11500 NaN
43500 2.2444444444444445
75500 1.643835616438356
22000 6.0
54000 1.8461538461538463
86000 1.643835616438356
500 NaN
32500 2.6
64500 1.7142857142857142
11000 NaN
43000 2.25
75000 1.643835616438356
21500 5.8
53500 1.8461538461538463
85500 1.643835616438356

